J = (1.0, 2.0, 0.0)
M = 18, 19
Tc = 0.54704293475
time 1249.395327[s]
