J = (1.0, 2.0, 0.0)
M = 8, 9
Tc = 0.54739869512
time 0.558419[s]
