J = (1.0, 2.0, 0.0)
M = 13, 14
Tc = 0.54710172301
time 26.086448[s]
