J = (1.0, 2.0, 0.0)
M = 14, 15
Tc = 0.54708309955
time 53.154293[s]
