J = (1.0, 2.0, 0.0)
M = 17, 18
Tc = 0.54704967794
time 561.498279[s]
