J = (1.0, 3.0, 0.0)
M = 13, 14
Tc = 0.51959329844
time 30.145474[s]
