J = (1.0, 3.0, 0.0)
M = 11, 12
Tc = 0.51963796016
time 8.550748[s]
