J = (1.0, 3.0, 0.0)
M = 16, 17
Tc = 0.51956079804
time 305.515742[s]
