J = (1.0, 3.0, 0.0)
M = 10, 11
Tc = 0.51967487196
time 3.693451[s]
