J = (1.0, 3.0, 0.0)
M = 5, 6
Tc = 0.52064583964
time 0.045124[s]
