J = (1.0, 3.0, 0.0)
M = 18, 19
Tc = 0.51954941004
time 1435.783886[s]
