J = (1.0, 3.0, 0.0)
M = 9, 10
Tc = 0.51972931080
time 1.551576[s]
