J = (1.0, 1.0, 0.0)
M = 7, 8
Tc = 0.56839961603
time 0.142736[s]
