J = (1.0, 1.0, 0.0)
M = 14, 15
Tc = 0.56743609437
time 39.719191[s]
