J = (1.0, 1.0, 0.0)
M = 10, 11
Tc = 0.56767379495
time 2.013091[s]
