J = (1.0, 1.0, 0.0)
M = 6, 7
Tc = 0.56907430235
time 0.063314[s]
