J = (1.0, 1.0, 0.0)
M = 5, 6
Tc = 0.0.57345596896
time 0.025308[s]
