J = (1.0, 1.0, 0.0)
M = 12, 13
Tc = 0.56751650292
time 9.531360[s]
