J = (1.0, 1.0, 0.0)
M = 15, 16
Tc = 0.56741038289
time 89.394207[s]
