J = (1.0, 1.0, 0.0)
M = 20, 21
Tc = 0.56734516827
time 5839.275809[s]
