J = (1.0, 1.0, 0.0)
M = 9, 10
Tc = 0.56781270011
time 0.840749[s]
