J = (1.0, 2.0, 0.0)
M = 9, 10
Tc = 0.54728500231
time 1.323535[s]
