J = (1.0, 2.0, 0.0)
M = 11, 12
Tc = 0.54716173437
time 5.184618[s]
