J = (1.0, 2.0, 0.0)
M = 5, 6
Tc = 0.54855930536
time 0.036766[s]
