J = (1.0, 2.0, 3.0)
M = 6, 7
Tc = 0.59246532770
time 0.097978[s]
time 0.001633[m]
