J = (1.0, 2.0, 3.0)
M = 14, 15
Tc = 0.59267641984
time 46.228891[s]
time 0.770482[m]
