J = (1.0, 2.0, 3.0)
M = 11, 12
Tc = 0.59265430158
time 4.617870[s]
time 0.076965[m]
