J = (1.0, 3.0, 0.0)
M = 20, 21
Tc = 0.51954205323
time 8297.239970[s]
