J = (1.0, 3.0, 0.0)
M = 8, 9
Tc = 0.51981312941
time 0.652881[s]
