J = (1.0, 3.0, 0.0)
M = 15, 16
Tc = 0.51956890002
time 132.609668[s]
