J = (1.0, 3.0, 0.0)
M = 17, 18
Tc = 0.51955445175
time 650.770836[s]
