J = (1.0, 3.0, 0.0)
M = 6, 7
Tc = 0.52018726784
time 0.106845[s]
