J = (1.0, 1.0, 0.0)
M = 8, 9
Tc = 0.56803146487
time 0.353626[s]
