J = (1.0, 1.0, 0.0)
M = 13, 14
Tc = 0.56747021007
time 21.383066[s]
