J = (1.0, 1.0, 0.0)
M = 4, 5
Tc = 0.57345596896
time 0.009559[s]
