J = (1.0, 1.0, 0.0)
M = 18, 19
Tc = 0.56736296923
time 981.220347[s]
