J = (1.0, 1.0, 0.0)
M = 16, 17
Tc = 0.56739063024
time 194.398202[s]
