J = (1.0, 1.0, 0.0)
M = 17, 18
Tc = 0.56737520021
time 455.227919[s]
