J = (1.0, 3.0, 0.0)
M = 14, 15
Tc = 0.51957941756
time 65.674208[s]
