J = (1.0, 3.0, 0.0)
M = 12, 13
Tc = 0.51961203809
time 13.968952[s]
