J = (1.0, 3.0, 0.0)
M = 4, 5
Tc = 0.52167136320
time 0.017429[s]
