J = (1.0, 3.0, 0.0)
M = 19, 20
Tc = 0.51954535429
time 3257.355325[s]
