J = (1.0, 3.0, 0.0)
M = 7, 8
Tc = 0.51994938910
time 0.263130[s]
