J = (1.0, 1.0, 1.0)
M = 12, 13
Tc = 0.60682794515
time 12.248204[s]
