J = (1.0, 1.0, 1.0)
M = 19, 20
Tc = 0.60682634384
time 1579.761442[s]
