J = (1.0, 1.0, 1.0)
M = 9, 10
Tc = 0.60683329559
time 0.978561[s]
