J = (1.0, 1.0, 1.0)
M = 17, 18
Tc = 0.60682648289
time 326.058063[s]
