J = (1.0, 1.0, 1.0)
M = 16, 17
Tc = 0.60682659681
time 153.318251[s]
