J = (1.0, 1.0, 1.0)
M = 11, 12
Tc = 0.60682887910
time 5.552431[s]
