J = (1.0, 1.0, 1.0)
M = 10, 11
Tc = 0.60683046332
time 2.346524[s]
