J = (1.0, 1.0, 1.0)
M = 15, 16
Tc = 0.60682676076
time 68.226056[s]
