J = (1.0, 1.0, 1.0)
M = 13, 14
Tc = 0.60682737005
time 27.496783[s]
