J = (1.0, 1.0, 1.0)
M = 4, 5
Tc = 0.60717612510
time 0.010521[s]
