J = (1.0, 1.0, 2.0)
M = 16, 17
Tc = 0.59577957298
time 163.795062[s]
