J = (1.0, 1.0, 2.0)
M = 9, 10
Tc = 0.59577748161
time 1.091965[s]
