J = (1.0, 1.0, 2.0)
M = 4, 5
Tc = 0.59586448422
time 0.012888[s]
