J = (1.0, 1.0, 2.0)
M = 11, 12
Tc = 0.59577829226
time 6.173788[s]
