J = (1.0, 1.0, 2.0)
M = 17, 18
Tc = 0.59577970550
time 372.934214[s]
