J = (1.0, 1.0, 2.0)
M = 5, 6
Tc = 0.59579738553
time 0.033913[s]
