J = (1.0, 1.0, 2.0)
M = 19, 20
Tc = 0.59577990878
time 1762.210887[s]
