J = (1.0, 1.0, 2.0)
M = 6, 7
Tc = 0.59578182719
time 0.077007[s]
