J = (1.0, 1.0, 2.0)
M = 15, 16
Tc = 0.59577940555
time 75.201421[s]
