J = (1.0, 5.0, 0.0)
M = 20, 21
Tc = 0.47566406381
time 10721.025161[s]
time 178.683753[m]
