J = (1.0, 5.0, 0.0)
M = 4, 5
Tc = 0.47715003522
time 0.022198[s]
