J = (1.0, 5.0, 0.0)
M = 9, 10
Tc = 0.47579940154
time 1.877395[s]
