J = (1.0, 5.0, 0.0)
M = 15, 16
Tc = 0.47568354155
time 180.379175[s]
