J = (1.0, 5.0, 0.0)
M = 13, 14
Tc = 0.47570121709
time 37.698658[s]
