J = (1.0, 5.0, 0.0)
M = 8, 9
Tc = 0.47585964829
time 0.791997[s]
