J = (1.0, 5.0, 0.0)
M = 10, 11
Tc = 0.47576016930
time 3.414989[s]
