J = (1.0, 5.0, 0.0)
M = 19, 20
Tc = 0.47566646072
time 4177.192350[s]
time 69.619872[m]
