J = (1.0, 1.0, 2.0)
M = 13, 14
Tc = 0.59577895564
time 30.493059[s]
