J = (1.0, 1.0, 2.0)
M = 10, 11
Tc = 0.59577788204
time 2.592919[s]
