J = (1.0, 1.0, 2.0)
M = 8, 9
Tc = 0.59577729590
time 0.461804[s]
