J = (1.0, 1.0, 2.0)
M = 18, 19
Tc = 0.59577981650
time 844.383575[s]
