J = (1.0, 2.0, 0.0)
M = 15, 16
Tc = 0.54706901698
time 114.956726[s]
