J = (1.0, 2.0, 0.0)
M = 12, 13
Tc = 0.54712688340
time 11.425503[s]
