J = (1.0, 2.0, 0.0)
M = 10, 11
Tc = 0.54721146129
time 2.298458[s]
