J = (1.0, 2.0, 0.0)
M = 6, 7
Tc = 0.54791323127
time 0.092031[s]
