J = (1.0, 2.0, 0.0)
M = 19, 20
Tc = 0.54703751135
time 2658.478083[s]
