J = (1.0, 2.0, 0.0)
M = 16, 17
Tc = 0.54705816958
time 248.511766[s]
