J = (1.0, 2.0, 0.0)
M = 7, 8
Tc = 0.54758473089
time 0.226269[s]
