J = (1.0, 2.0, 0.0)
M = 4, 5
Tc = 0.55004150696
time 0.013824[s]
