J = (1.0, 2.0, 0.0)
M = 20, 21
Tc = 0.54703310106
time 6836.981556[s]
