J = (1.0, 1.0, 2.0)
M = 12, 13
Tc = 0.59577865350
time 13.532075[s]
