J = (1.0, 1.0, 2.0)
M = 7, 8
Tc = 0.59577799259
time 0.186865[s]
