J = (1.0, 1.0, 2.0)
M = 14, 15
Tc = 0.59577920337
time 46.845179[s]
