J = (1.0, 1.0, 2.0)
M = 20, 21
Tc = 0.59577998520
time 4381.079758[s]
