J = (1.0, 5.0, 0.0)
M = 5, 6
Tc = 0.47644822184
time 0.055066[s]
