J = (1.0, 5.0, 0.0)
M = 12, 13
Tc = 0.47571477713
time 16.578260[s]
