J = (1.0, 5.0, 0.0)
M = 6, 7
Tc = 0.47612634114
time 0.137401[s]
