J = (1.0, 5.0, 0.0)
M = 16, 17
Tc = 0.47567766495
time 398.607879[s]
