J = (1.0, 2.0, 3.0)
M = 7, 8
Tc = 0.59254371027
time 0.246469[s]
time 0.004108[m]
