J = (1.0, 2.0, 3.0)
M = 5, 6
Tc = 0.59232595325
time 0.038395[s]
time 0.000640[m]
