J = (1.0, 2.0, 3.0)
M = 12, 13
Tc = 0.59266402693
time 9.708923[s]
time 0.161815[m]
