J = (1.0, 2.0, 3.0)
M = 16, 17
Tc = 0.59268357478
time 240.175185[s]
time 4.002920[m]
