J = (1.0, 2.0, 3.0)
M = 13, 14
Tc = 0.59267112320
time 22.124229[s]
time 0.368737[m]
