J = (1.0, 2.0, 3.0)
M = 4, 5
Tc = 0.59205792362
time 0.014627[s]
time 0.000244[m]
