J = (1.0, 2.0, 3.0)
M = 18, 19
Tc = 0.59268798685
time 1185.557888[s]
time 19.759298[m]
