J = (1.0, 2.0, 3.0)
M = 17, 18
Tc = 0.59268603086
time 540.177989[s]
time 9.002966[m]
