J = (1.0, 2.0, 3.0)
M = 9, 10
Tc = 0.59262075378
time 1.195803[s]
time 0.019930[m]
