J = (1.0, 2.0, 3.0)
M = 15, 16
Tc = 0.59268044922
time 109.563865[s]
time 1.826064[m]
