J = (1.0, 2.0, 3.0)
M = 10, 11
Tc = 0.59264061708
time 2.748100[s]
time 0.045802[m]
