J = (1.0, 2.0, 3.0)
M = 8, 9
Tc = 0.59259083453
time 0.482562[s]
time 0.008043[m]
