J = (1.0, 1.0, 1.0)
M = 18, 19
Tc = 0.60682640457
time 696.796061[s]
