J = (1.0, 1.0, 1.0)
M = 5, 6
Tc = 0.60694577630
time 0.028230[s]
