J = (1.0, 1.0, 1.0)
M = 6, 7
Tc = 0.60687581293
time 0.066824[s]
