J = (1.0, 1.0, 1.0)
M = 7, 8
Tc = 0.60684989226
time 0.168962[s]
