J = (1.0, 1.0, 1.0)
M = 8, 9
Tc = 0.60683869770
time 0.412720[s]
