J = (1.0, 1.0, 1.0)
M = 14, 15
Tc = 0.60682700284
time 40.092267[s]
