J = (1.0, 1.0, 1.0)
M = 20, 21
Tc = 0.60682630114
time 3626.103552[s]
