J = (1.0, 1.0, 0.0)
M = 11, 12
Tc = 0.56758100128
time 4.178933[s]
