J = (1.0, 1.0, 0.0)
M = 19, 20
Tc = 0.56735314732
time 2314.344178[s]
