J = (1.0, 5.0, 0.0)
M = 18, 19
Tc = 0.47566940474
time 1988.523932[s]
