J = (1.0, 5.0, 0.0)
M = 17, 18
Tc = 0.47567306453
time 895.076405[s]
