J = (1.0, 5.0, 0.0)
M = 11, 12
Tc = 0.47573351893
time 7.935949[s]
