J = (1.0, 5.0, 0.0)
M = 7, 8
Tc = 0.47595719559
time 0.322141[s]
