J = (1.0, 5.0, 0.0)
M = 14, 15
Tc = 0.47569115631
time 76.595812[s]
